17
>Cabomba_caroliniana_KT705317 -0.00 0.06 0.07 0.17 0.08 0.09 0.07 0.08 0.08 0.17 0.07 0.08 0.07 0.08 0.08 0.08 0.08 
>Brasenia_schreberi_NC_031343 0.06 -0.00 0.05 0.16 0.05 0.06 0.05 0.06 0.06 0.16 0.05 0.06 0.05 0.06 0.06 0.06 0.06 
>Nuphar_advena_NC_008788 0.07 0.05 -0.00 0.16 0.02 0.04 -0.00 0.04 0.04 0.16 0.00 0.04 0.00 0.04 0.05 0.04 0.05 
>Trithuria_inconspicua_NC_020372 0.17 0.16 0.16 -0.00 0.16 0.16 0.16 0.16 0.16 0.01 0.16 0.16 0.16 0.15 0.16 0.16 0.16 
>Barclaya_kunstleri_KY392762 0.08 0.05 0.02 0.16 -0.00 0.02 0.02 0.04 0.04 0.16 0.02 0.04 0.02 0.04 0.05 0.04 0.05 
>Barclaya_longifolia_KY284156 0.09 0.06 0.04 0.16 0.02 -0.00 0.04 0.05 0.05 0.16 0.04 0.06 0.04 0.05 0.06 0.05 0.06 
>Nuphar_longifolia_MH050795 0.07 0.05 -0.00 0.16 0.02 0.04 -0.00 0.04 0.04 0.16 0.00 0.04 0.00 0.04 0.05 0.04 0.05 
>Nymphaea_alba_KU234277 0.08 0.06 0.04 0.16 0.04 0.05 0.04 -0.00 0.01 0.16 0.04 0.02 0.04 0.02 0.02 -0.00 0.02 
>Victoria_cruziana_KY001813 0.08 0.06 0.04 0.16 0.04 0.05 0.04 0.01 -0.00 0.16 0.04 0.01 0.04 0.01 0.02 0.01 0.01 
>Trithuria_filamentosa_KF696682 0.17 0.16 0.16 0.01 0.16 0.16 0.16 0.16 0.16 -0.00 0.16 0.17 0.16 0.15 0.16 0.16 0.16 
>Nuphar_shimadae_MH050797 0.07 0.05 0.00 0.16 0.02 0.04 0.00 0.04 0.04 0.16 -0.00 0.04 -0.00 0.04 0.04 0.04 0.04 
>Euryale_ferox_KY392765 0.08 0.06 0.04 0.16 0.04 0.06 0.04 0.02 0.01 0.17 0.04 -0.00 0.04 0.02 0.02 0.02 0.01 
>Nuphar_pumila_MH050796 0.07 0.05 0.00 0.16 0.02 0.04 0.00 0.04 0.04 0.16 -0.00 0.04 -0.00 0.04 0.04 0.04 0.04 
>Nymphaea_ampla_KU189255 0.08 0.06 0.04 0.15 0.04 0.05 0.04 0.02 0.01 0.15 0.04 0.02 0.04 -0.00 0.03 0.02 0.02 
>Nymphaea_mexicana_NC_024542 0.08 0.06 0.05 0.16 0.05 0.06 0.05 0.02 0.02 0.16 0.04 0.02 0.04 0.03 -0.00 0.02 0.02 
>Nymphaea_alba_NC_006050 0.08 0.06 0.04 0.16 0.04 0.05 0.04 -0.00 0.01 0.16 0.04 0.02 0.04 0.02 0.02 -0.00 0.02 
>Nymphaea_jamesoniana_NC_031826 0.08 0.06 0.05 0.16 0.05 0.06 0.05 0.02 0.01 0.16 0.04 0.01 0.04 0.02 0.02 0.02 -0.00 
