17
>Cabomba_caroliniana_KT705317 -0.00 0.29 0.42 2.19 0.44 0.46 0.42 0.34 0.35 2.22 0.37 0.36 0.37 0.35 0.33 0.34 0.36 
>Brasenia_schreberi_NC_031343 0.29 -0.00 0.23 2.24 0.31 0.33 0.23 0.19 0.22 2.22 0.18 0.23 0.18 0.21 0.18 0.19 0.22 
>Nuphar_advena_NC_008788 0.42 0.23 -0.00 2.15 0.26 0.29 -0.00 0.17 0.20 2.13 0.06 0.19 0.06 0.18 0.15 0.17 0.19 
>Trithuria_inconspicua_NC_020372 2.19 2.24 2.15 -0.00 2.13 2.17 2.15 2.16 2.19 0.06 2.15 2.16 2.15 2.17 2.16 2.16 2.16 
>Barclaya_kunstleri_KY392762 0.44 0.31 0.26 2.13 -0.00 0.20 0.26 0.17 0.20 2.12 0.20 0.19 0.20 0.19 0.16 0.17 0.20 
>Barclaya_longifolia_KY284156 0.46 0.33 0.29 2.17 0.20 -0.00 0.29 0.20 0.24 2.16 0.23 0.24 0.23 0.21 0.18 0.20 0.23 
>Nuphar_longifolia_MH050795 0.42 0.23 -0.00 2.15 0.26 0.29 -0.00 0.17 0.20 2.13 0.06 0.19 0.06 0.18 0.15 0.17 0.19 
>Nymphaea_alba_KU234277 0.34 0.19 0.17 2.16 0.17 0.20 0.17 -0.00 0.08 2.14 0.11 0.08 0.11 0.05 0.02 -0.00 0.06 
>Victoria_cruziana_KY001813 0.35 0.22 0.20 2.19 0.20 0.24 0.20 0.08 -0.00 2.17 0.14 0.03 0.14 0.09 0.06 0.08 0.08 
>Trithuria_filamentosa_KF696682 2.22 2.22 2.13 0.06 2.12 2.16 2.13 2.14 2.17 -0.00 2.13 2.14 2.13 2.16 2.14 2.14 2.14 
>Nuphar_shimadae_MH050797 0.37 0.18 0.06 2.15 0.20 0.23 0.06 0.11 0.14 2.13 -0.00 0.13 -0.00 0.12 0.09 0.11 0.14 
>Euryale_ferox_KY392765 0.36 0.23 0.19 2.16 0.19 0.24 0.19 0.08 0.03 2.14 0.13 -0.00 0.13 0.09 0.06 0.08 0.08 
>Nuphar_pumila_MH050796 0.37 0.18 0.06 2.15 0.20 0.23 0.06 0.11 0.14 2.13 -0.00 0.13 -0.00 0.12 0.09 0.11 0.14 
>Nymphaea_ampla_KU189255 0.35 0.21 0.18 2.17 0.19 0.21 0.18 0.05 0.09 2.16 0.12 0.09 0.12 -0.00 0.03 0.05 0.08 
>Nymphaea_mexicana_NC_024542 0.33 0.18 0.15 2.16 0.16 0.18 0.15 0.02 0.06 2.14 0.09 0.06 0.09 0.03 -0.00 0.02 0.05 
>Nymphaea_alba_NC_006050 0.34 0.19 0.17 2.16 0.17 0.20 0.17 -0.00 0.08 2.14 0.11 0.08 0.11 0.05 0.02 -0.00 0.06 
>Nymphaea_jamesoniana_NC_031826 0.36 0.22 0.19 2.16 0.20 0.23 0.19 0.06 0.08 2.14 0.14 0.08 0.14 0.08 0.05 0.06 -0.00 
