17
>Cabomba_caroliniana_KT705317 -0.00 -0.00 -0.00 -0.00 -0.00 -0.00 -0.00 -0.00 -0.00 -0.00 -0.00 0.00 -0.00 -0.00 0.00 -0.00 -0.00 
>Brasenia_schreberi_NC_031343 -0.00 -0.00 -0.00 -0.00 -0.00 -0.00 -0.00 -0.00 -0.00 -0.00 -0.00 0.00 -0.00 -0.00 0.00 -0.00 -0.00 
>Nuphar_advena_NC_008788 -0.00 -0.00 -0.00 -0.00 -0.00 -0.00 -0.00 -0.00 -0.00 -0.00 -0.00 0.00 -0.00 -0.00 0.00 -0.00 -0.00 
>Trithuria_inconspicua_NC_020372 -0.00 -0.00 -0.00 -0.00 -0.00 -0.00 -0.00 -0.00 -0.00 -0.00 -0.00 0.00 -0.00 -0.00 0.00 -0.00 -0.00 
>Barclaya_kunstleri_KY392762 -0.00 -0.00 -0.00 -0.00 -0.00 -0.00 -0.00 -0.00 -0.00 -0.00 -0.00 0.00 -0.00 -0.00 0.00 -0.00 -0.00 
>Barclaya_longifolia_KY284156 -0.00 -0.00 -0.00 -0.00 -0.00 -0.00 -0.00 -0.00 -0.00 -0.00 -0.00 0.00 -0.00 -0.00 0.00 -0.00 -0.00 
>Nuphar_longifolia_MH050795 -0.00 -0.00 -0.00 -0.00 -0.00 -0.00 -0.00 -0.00 -0.00 -0.00 -0.00 0.00 -0.00 -0.00 0.00 -0.00 -0.00 
>Nymphaea_alba_KU234277 -0.00 -0.00 -0.00 -0.00 -0.00 -0.00 -0.00 -0.00 -0.00 -0.00 -0.00 0.00 -0.00 -0.00 0.00 -0.00 -0.00 
>Victoria_cruziana_KY001813 -0.00 -0.00 -0.00 -0.00 -0.00 -0.00 -0.00 -0.00 -0.00 -0.00 -0.00 0.00 -0.00 -0.00 0.00 -0.00 -0.00 
>Trithuria_filamentosa_KF696682 -0.00 -0.00 -0.00 -0.00 -0.00 -0.00 -0.00 -0.00 -0.00 -0.00 -0.00 0.00 -0.00 -0.00 0.00 -0.00 -0.00 
>Nuphar_shimadae_MH050797 -0.00 -0.00 -0.00 -0.00 -0.00 -0.00 -0.00 -0.00 -0.00 -0.00 -0.00 0.00 -0.00 -0.00 0.00 -0.00 -0.00 
>Euryale_ferox_KY392765 0.00 0.00 0.00 0.00 0.00 0.00 0.00 0.00 0.00 0.00 0.00 -0.00 0.00 0.00 0.01 0.00 0.00 
>Nuphar_pumila_MH050796 -0.00 -0.00 -0.00 -0.00 -0.00 -0.00 -0.00 -0.00 -0.00 -0.00 -0.00 0.00 -0.00 -0.00 0.00 -0.00 -0.00 
>Nymphaea_ampla_KU189255 -0.00 -0.00 -0.00 -0.00 -0.00 -0.00 -0.00 -0.00 -0.00 -0.00 -0.00 0.00 -0.00 -0.00 0.00 -0.00 -0.00 
>Nymphaea_mexicana_NC_024542 0.00 0.00 0.00 0.00 0.00 0.00 0.00 0.00 0.00 0.00 0.00 0.01 0.00 0.00 -0.00 0.00 0.00 
>Nymphaea_alba_NC_006050 -0.00 -0.00 -0.00 -0.00 -0.00 -0.00 -0.00 -0.00 -0.00 -0.00 -0.00 0.00 -0.00 -0.00 0.00 -0.00 -0.00 
>Nymphaea_jamesoniana_NC_031826 -0.00 -0.00 -0.00 -0.00 -0.00 -0.00 -0.00 -0.00 -0.00 -0.00 -0.00 0.00 -0.00 -0.00 0.00 -0.00 -0.00 
